Wvlgth Direct_normal_irradiance Difuse_horizn_irradiance Direct_rad_transmittance Dir_norml_PAR_photn_flux Extraterrestrial_spectrm
.4000E+03 .1177E+01 .7828E+00 .6946E+00 .3936E+01 .1695E+01
.4010E+03 .1214E+01 .7834E+00 .6973E+00 .4070E+01 .1741E+01
.4020E+03 .1270E+01 .8095E+00 .7002E+00 .4268E+01 .1814E+01
.4030E+03 .1232E+01 .7757E+00 .7030E+00 .4150E+01 .1753E+01
.4040E+03 .1225E+01 .7613E+00 .7053E+00 .4137E+01 .1737E+01
.4050E+03 .1201E+01 .7366E+00 .7075E+00 .4064E+01 .1697E+01
.4060E+03 .1146E+01 .6947E+00 .7103E+00 .3889E+01 .1613E+01
.4070E+03 .1171E+01 .7013E+00 .7131E+00 .3982E+01 .1641E+01
.4080E+03 .1195E+01 .7064E+00 .7149E+00 .4075E+01 .1671E+01
.4090E+03 .1312E+01 .7661E+00 .7172E+00 .4485E+01 .1829E+01
.4100E+03 .1067E+01 .6158E+00 .7197E+00 .3658E+01 .1483E+01
.4110E+03 .1250E+01 .7126E+00 .7221E+00 .4295E+01 .1731E+01
.4120E+03 .1326E+01 .7473E+00 .7248E+00 .4568E+01 .1830E+01
.4130E+03 .1269E+01 .7055E+00 .7265E+00 .4380E+01 .1746E+01
.4140E+03 .1301E+01 .7153E+00 .7290E+00 .4504E+01 .1785E+01
.4150E+03 .1305E+01 .7089E+00 .7314E+00 .4527E+01 .1784E+01
.4160E+03 .1285E+01 .6900E+00 .7341E+00 .4467E+01 .1750E+01
.4170E+03 .1281E+01 .6796E+00 .7361E+00 .4464E+01 .1740E+01
.4180E+03 .1251E+01 .6557E+00 .7381E+00 .4370E+01 .1694E+01
.4190E+03 .1275E+01 .6605E+00 .7403E+00 .4465E+01 .1722E+01
.4200E+03 .1208E+01 .6184E+00 .7422E+00 .4240E+01 .1627E+01
.4210E+03 .1395E+01 .7058E+00 .7444E+00 .4908E+01 .1873E+01
.4220E+03 .1364E+01 .6824E+00 .7465E+00 .4813E+01 .1828E+01
.4230E+03 .1185E+01 .5861E+00 .7486E+00 .4192E+01 .1584E+01
.4240E+03 .1291E+01 .6309E+00 .7504E+00 .4576E+01 .1721E+01
.4250E+03 .1333E+01 .6442E+00 .7527E+00 .4736E+01 .1771E+01
.4260E+03 .1260E+01 .6023E+00 .7552E+00 .4486E+01 .1668E+01
.4270E+03 .1244E+01 .5880E+00 .7570E+00 .4442E+01 .1644E+01
.4280E+03 .1284E+01 .5997E+00 .7586E+00 .4596E+01 .1693E+01
.4290E+03 .1209E+01 .5586E+00 .7612E+00 .4336E+01 .1588E+01
.4300E+03 .9802E+00 .4478E+00 .7631E+00 .3523E+01 .1284E+01
.4310E+03 .9061E+00 .4090E+00 .7644E+00 .3265E+01 .1185E+01
.4320E+03 .1434E+01 .6404E+00 .7669E+00 .5177E+01 .1870E+01
.4330E+03 .1301E+01 .5749E+00 .7688E+00 .4711E+01 .1693E+01
.4340E+03 .1177E+01 .5140E+00 .7702E+00 .4271E+01 .1528E+01
.4350E+03 .1356E+01 .5851E+00 .7716E+00 .4930E+01 .1757E+01
.4360E+03 .1433E+01 .6119E+00 .7739E+00 .5222E+01 .1851E+01
.4370E+03 .1469E+01 .6212E+00 .7763E+00 .5367E+01 .1893E+01
.4380E+03 .1309E+01 .5476E+00 .7783E+00 .4793E+01 .1682E+01
.4390E+03 .1301E+01 .5375E+00 .7786E+00 .4776E+01 .1671E+01
.4400E+03 .1435E+01 .5867E+00 .7808E+00 .5279E+01 .1838E+01
.4410E+03 .1419E+01 .5742E+00 .7831E+00 .5230E+01 .1811E+01
.4420E+03 .1492E+01 .5972E+00 .7847E+00 .5511E+01 .1901E+01
.4430E+03 .1551E+01 .6136E+00 .7854E+00 .5743E+01 .1975E+01
.4440E+03 .1510E+01 .5911E+00 .7874E+00 .5603E+01 .1917E+01
.4450E+03 .1606E+01 .6213E+00 .7882E+00 .5973E+01 .2037E+01
.4460E+03 .1395E+01 .5344E+00 .7906E+00 .5200E+01 .1764E+01
.4470E+03 .1558E+01 .5912E+00 .7928E+00 .5823E+01 .1966E+01
.4480E+03 .1599E+01 .5993E+00 .7934E+00 .5987E+01 .2015E+01
.4490E+03 .1645E+01 .6113E+00 .7961E+00 .6175E+01 .2067E+01
.4500E+03 .1646E+01 .6053E+00 .7980E+00 .6190E+01 .2062E+01
.4510E+03 .1771E+01 .6447E+00 .7995E+00 .6677E+01 .2215E+01
.4520E+03 .1682E+01 .6059E+00 .8009E+00 .6356E+01 .2100E+01
.4530E+03 .1543E+01 .5500E+00 .8025E+00 .5843E+01 .1923E+01
.4540E+03 .1650E+01 .5823E+00 .8044E+00 .6262E+01 .2051E+01
.4550E+03 .1615E+01 .5641E+00 .8056E+00 .6143E+01 .2005E+01
.4560E+03 .1682E+01 .5815E+00 .8071E+00 .6412E+01 .2084E+01
.4570E+03 .1668E+01 .5709E+00 .8085E+00 .6373E+01 .2063E+01
.4580E+03 .1665E+01 .5635E+00 .8091E+00 .6374E+01 .2058E+01
.4590E+03 .1633E+01 .5473E+00 .8107E+00 .6265E+01 .2014E+01
.4600E+03 .1623E+01 .5382E+00 .8116E+00 .6239E+01 .1999E+01
.4610E+03 .1687E+01 .5541E+00 .8130E+00 .6502E+01 .2075E+01
.4620E+03 .1709E+01 .5560E+00 .8147E+00 .6602E+01 .2098E+01
.4630E+03 .1719E+01 .5530E+00 .8154E+00 .6653E+01 .2108E+01
.4640E+03 .1660E+01 .5288E+00 .8173E+00 .6437E+01 .2031E+01
.4650E+03 .1619E+01 .5109E+00 .8193E+00 .6292E+01 .1976E+01
.4660E+03 .1666E+01 .5209E+00 .8210E+00 .6491E+01 .2029E+01
.4670E+03 .1564E+01 .4835E+00 .8215E+00 .6104E+01 .1903E+01
.4680E+03 .1647E+01 .5043E+00 .8226E+00 .6444E+01 .2002E+01
.4690E+03 .1668E+01 .5055E+00 .8237E+00 .6538E+01 .2024E+01
.4700E+03 .1600E+01 .4801E+00 .8245E+00 .6287E+01 .1941E+01
.4710E+03 .1623E+01 .4821E+00 .8255E+00 .6390E+01 .1966E+01
.4720E+03 .1694E+01 .4979E+00 .8262E+00 .6682E+01 .2050E+01
.4730E+03 .1651E+01 .4804E+00 .8270E+00 .6529E+01 .1997E+01
.4740E+03 .1678E+01 .4828E+00 .8270E+00 .6648E+01 .2029E+01
.4750E+03 .1717E+01 .4887E+00 .8269E+00 .6818E+01 .2076E+01
.4760E+03 .1651E+01 .4646E+00 .8265E+00 .6569E+01 .1998E+01
.4770E+03 .1634E+01 .4552E+00 .8267E+00 .6517E+01 .1977E+01
.4780E+03 .1748E+01 .4826E+00 .8282E+00 .6985E+01 .2110E+01
.4790E+03 .1686E+01 .4618E+00 .8302E+00 .6752E+01 .2031E+01
.4800E+03 .1746E+01 .4744E+00 .8322E+00 .7007E+01 .2099E+01
.4810E+03 .1703E+01 .4561E+00 .8344E+00 .6848E+01 .2041E+01
.4820E+03 .1751E+01 .4652E+00 .8364E+00 .7056E+01 .2094E+01
.4830E+03 .1710E+01 .4504E+00 .8385E+00 .6903E+01 .2039E+01
.4840E+03 .1684E+01 .4395E+00 .8397E+00 .6812E+01 .2005E+01
.4850E+03 .1702E+01 .4401E+00 .8410E+00 .6900E+01 .2024E+01
.4860E+03 .1334E+01 .3417E+00 .8424E+00 .5418E+01 .1583E+01
.4870E+03 .1505E+01 .3823E+00 .8439E+00 .6128E+01 .1784E+01
.4880E+03 .1654E+01 .4159E+00 .8445E+00 .6746E+01 .1958E+01
.4890E+03 .1544E+01 .3847E+00 .8449E+00 .6313E+01 .1828E+01
.4900E+03 .1737E+01 .4291E+00 .8464E+00 .7117E+01 .2053E+01
.4910E+03 .1675E+01 .4103E+00 .8478E+00 .6877E+01 .1976E+01
.4920E+03 .1581E+01 .3836E+00 .8487E+00 .6501E+01 .1862E+01
.4930E+03 .1687E+01 .4055E+00 .8496E+00 .6951E+01 .1985E+01
.4940E+03 .1635E+01 .3894E+00 .8504E+00 .6750E+01 .1922E+01
.4950E+03 .1749E+01 .4129E+00 .8512E+00 .7238E+01 .2055E+01
.4960E+03 .1672E+01 .3912E+00 .8519E+00 .6934E+01 .1963E+01
.4970E+03 .1696E+01 .3931E+00 .8527E+00 .7044E+01 .1988E+01
.4980E+03 .1662E+01 .3821E+00 .8535E+00 .6920E+01 .1947E+01
.4990E+03 .1658E+01 .3778E+00 .8540E+00 .6916E+01 .1941E+01
.5000E+03 .1660E+01 .3750E+00 .8544E+00 .6940E+01 .1943E+01
.5010E+03 .1591E+01 .3560E+00 .8544E+00 .6663E+01 .1862E+01
.5020E+03 .1558E+01 .3453E+00 .8537E+00 .6540E+01 .1825E+01
.5030E+03 .1674E+01 .3673E+00 .8530E+00 .7040E+01 .1963E+01
.5040E+03 .1559E+01 .3371E+00 .8481E+00 .6568E+01 .1838E+01
.5050E+03 .1667E+01 .3591E+00 .8532E+00 .7039E+01 .1954E+01
.5060E+03 .1758E+01 .3752E+00 .8536E+00 .7438E+01 .2060E+01
.5070E+03 .1649E+01 .3487E+00 .8543E+00 .6989E+01 .1930E+01
.5080E+03 .1613E+01 .3385E+00 .8564E+00 .6851E+01 .1884E+01
.5090E+03 .1724E+01 .3588E+00 .8580E+00 .7335E+01 .2009E+01
.5100E+03 .1665E+01 .3437E+00 .8593E+00 .7100E+01 .1938E+01
.5110E+03 .1663E+01 .3404E+00 .8608E+00 .7103E+01 .1932E+01
.5120E+03 .1727E+01 .3507E+00 .8619E+00 .7392E+01 .2004E+01
.5130E+03 .1616E+01 .3255E+00 .8629E+00 .6932E+01 .1873E+01
.5140E+03 .1580E+01 .3156E+00 .8638E+00 .6788E+01 .1829E+01
.5150E+03 .1631E+01 .3231E+00 .8645E+00 .7022E+01 .1887E+01
.5160E+03 .1655E+01 .3251E+00 .8650E+00 .7141E+01 .1914E+01
.5170E+03 .1285E+01 .2502E+00 .8659E+00 .5552E+01 .1484E+01
.5180E+03 .1569E+01 .3030E+00 .8663E+00 .6794E+01 .1811E+01
.5190E+03 .1482E+01 .2837E+00 .8667E+00 .6431E+01 .1710E+01
.5200E+03 .1648E+01 .3127E+00 .8669E+00 .7165E+01 .1901E+01
.5210E+03 .1606E+01 .3022E+00 .8672E+00 .6996E+01 .1852E+01
.5220E+03 .1673E+01 .3121E+00 .8674E+00 .7301E+01 .1929E+01
.5230E+03 .1547E+01 .2862E+00 .8678E+00 .6764E+01 .1783E+01
.5240E+03 .1694E+01 .3106E+00 .8677E+00 .7419E+01 .1952E+01
.5250E+03 .1672E+01 .3037E+00 .8672E+00 .7336E+01 .1927E+01
.5260E+03 .1654E+01 .2981E+00 .8674E+00 .7272E+01 .1907E+01
.5270E+03 .1428E+01 .2551E+00 .8669E+00 .6290E+01 .1647E+01
.5280E+03 .1644E+01 .2912E+00 .8666E+00 .7256E+01 .1897E+01
.5290E+03 .1723E+01 .3025E+00 .8662E+00 .7621E+01 .1990E+01
.5300E+03 .1649E+01 .2871E+00 .8665E+00 .7305E+01 .1903E+01
.5310E+03 .1755E+01 .3032E+00 .8667E+00 .7792E+01 .2025E+01
.5320E+03 .1704E+01 .2919E+00 .8671E+00 .7578E+01 .1965E+01
.5330E+03 .1538E+01 .2613E+00 .8677E+00 .6852E+01 .1772E+01
.5340E+03 .1656E+01 .2792E+00 .8685E+00 .7394E+01 .1907E+01
.5350E+03 .1665E+01 .2784E+00 .8693E+00 .7445E+01 .1915E+01
.5360E+03 .1731E+01 .2872E+00 .8700E+00 .7758E+01 .1990E+01
.5370E+03 .1578E+01 .2597E+00 .8709E+00 .7085E+01 .1812E+01
.5380E+03 .1666E+01 .2720E+00 .8717E+00 .7492E+01 .1911E+01
.5390E+03 .1645E+01 .2665E+00 .8723E+00 .7413E+01 .1886E+01
.5400E+03 .1617E+01 .2598E+00 .8724E+00 .7301E+01 .1854E+01
.5410E+03 .1534E+01 .2441E+00 .8713E+00 .6938E+01 .1761E+01
.5420E+03 .1656E+01 .2614E+00 .8712E+00 .7504E+01 .1901E+01
.5430E+03 .1620E+01 .2540E+00 .8731E+00 .7351E+01 .1855E+01
.5440E+03 .1685E+01 .2618E+00 .8723E+00 .7661E+01 .1931E+01
.5450E+03 .1660E+01 .2559E+00 .8727E+00 .7561E+01 .1902E+01
.5460E+03 .1633E+01 .2495E+00 .8715E+00 .7455E+01 .1874E+01
.5470E+03 .1678E+01 .2545E+00 .8725E+00 .7674E+01 .1923E+01
.5480E+03 .1584E+01 .2384E+00 .8734E+00 .7257E+01 .1814E+01
.5490E+03 .1674E+01 .2501E+00 .8744E+00 .7683E+01 .1915E+01
.5500E+03 .1645E+01 .2440E+00 .8752E+00 .7563E+01 .1880E+01
.5510E+03 .1632E+01 .2403E+00 .8759E+00 .7519E+01 .1864E+01
.5520E+03 .1676E+01 .2449E+00 .8763E+00 .7736E+01 .1913E+01
.5530E+03 .1616E+01 .2342E+00 .8764E+00 .7472E+01 .1844E+01
.5540E+03 .1654E+01 .2377E+00 .8765E+00 .7660E+01 .1887E+01
.5550E+03 .1677E+01 .2390E+00 .8764E+00 .7778E+01 .1913E+01
.5560E+03 .1639E+01 .2318E+00 .8763E+00 .7617E+01 .1870E+01
.5570E+03 .1577E+01 .2212E+00 .8762E+00 .7341E+01 .1799E+01
.5580E+03 .1646E+01 .2290E+00 .8757E+00 .7676E+01 .1879E+01
.5590E+03 .1556E+01 .2149E+00 .8752E+00 .7273E+01 .1778E+01
.5600E+03 .1550E+01 .2124E+00 .8753E+00 .7256E+01 .1771E+01
.5610E+03 .1693E+01 .2302E+00 .8753E+00 .7938E+01 .1934E+01
.5620E+03 .1592E+01 .2148E+00 .8749E+00 .7478E+01 .1820E+01
.5630E+03 .1637E+01 .2191E+00 .8744E+00 .7705E+01 .1872E+01
.5640E+03 .1607E+01 .2134E+00 .8739E+00 .7578E+01 .1839E+01
.5650E+03 .1644E+01 .2165E+00 .8735E+00 .7764E+01 .1882E+01
.5660E+03 .1557E+01 .2034E+00 .8730E+00 .7366E+01 .1783E+01
.5670E+03 .1645E+01 .2131E+00 .8723E+00 .7797E+01 .1886E+01
.5680E+03 .1629E+01 .2089E+00 .8699E+00 .7736E+01 .1873E+01
.5690E+03 .1591E+01 .2014E+00 .8644E+00 .7568E+01 .1841E+01
.5700E+03 .1604E+01 .2018E+00 .8657E+00 .7645E+01 .1853E+01
.5710E+03 .1529E+01 .1913E+00 .8678E+00 .7300E+01 .1762E+01
.5720E+03 .1627E+01 .2013E+00 .8644E+00 .7782E+01 .1883E+01
.5730E+03 .1637E+01 .2008E+00 .8641E+00 .7840E+01 .1894E+01
.5740E+03 .1637E+01 .1992E+00 .8636E+00 .7857E+01 .1896E+01
.5750E+03 .1603E+01 .1933E+00 .8625E+00 .7704E+01 .1858E+01
.5760E+03 .1571E+01 .1880E+00 .8628E+00 .7565E+01 .1821E+01
.5770E+03 .1630E+01 .1936E+00 .8634E+00 .7864E+01 .1889E+01
.5780E+03 .1588E+01 .1873E+00 .8651E+00 .7671E+01 .1835E+01
.5790E+03 .1576E+01 .1849E+00 .8679E+00 .7627E+01 .1816E+01
.5800E+03 .1624E+01 .1899E+00 .8718E+00 .7876E+01 .1863E+01
.5810E+03 .1612E+01 .1874E+00 .8748E+00 .7829E+01 .1843E+01
.5820E+03 .1634E+01 .1890E+00 .8776E+00 .7950E+01 .1862E+01
.5830E+03 .1656E+01 .1905E+00 .8801E+00 .8073E+01 .1882E+01
.5840E+03 .1655E+01 .1891E+00 .8817E+00 .8078E+01 .1877E+01
.5850E+03 .1643E+01 .1865E+00 .8827E+00 .8035E+01 .1862E+01
.5860E+03 .1571E+01 .1770E+00 .8826E+00 .7697E+01 .1780E+01
.5870E+03 .1627E+01 .1815E+00 .8805E+00 .7986E+01 .1848E+01
.5880E+03 .1619E+01 .1778E+00 .8727E+00 .7956E+01 .1855E+01
.5890E+03 .1417E+01 .1517E+00 .8539E+00 .6975E+01 .1659E+01
.5900E+03 .1456E+01 .1550E+00 .8555E+00 .7181E+01 .1702E+01
.5910E+03 .1574E+01 .1679E+00 .8658E+00 .7775E+01 .1818E+01
.5920E+03 .1541E+01 .1624E+00 .8602E+00 .7626E+01 .1791E+01
.5930E+03 .1562E+01 .1647E+00 .8669E+00 .7744E+01 .1802E+01
.5940E+03 .1564E+01 .1635E+00 .8652E+00 .7766E+01 .1808E+01
.5950E+03 .1535E+01 .1588E+00 .8618E+00 .7637E+01 .1782E+01
.5960E+03 .1584E+01 .1644E+00 .8731E+00 .7890E+01 .1814E+01
.5970E+03 .1586E+01 .1634E+00 .8721E+00 .7917E+01 .1819E+01
.5980E+03 .1561E+01 .1602E+00 .8757E+00 .7804E+01 .1783E+01
.5990E+03 .1538E+01 .1571E+00 .8784E+00 .7699E+01 .1750E+01
.6000E+03 .1554E+01 .1582E+00 .8823E+00 .7793E+01 .1761E+01
.6010E+03 .1544E+01 .1565E+00 .8846E+00 .7758E+01 .1746E+01
.6020E+03 .1520E+01 .1529E+00 .8850E+00 .7647E+01 .1717E+01
.6030E+03 .1552E+01 .1551E+00 .8856E+00 .7825E+01 .1753E+01
.6040E+03 .1572E+01 .1559E+00 .8859E+00 .7937E+01 .1774E+01
.6050E+03 .1579E+01 .1556E+00 .8868E+00 .7985E+01 .1780E+01
.6060E+03 .1560E+01 .1529E+00 .8889E+00 .7905E+01 .1756E+01
.6070E+03 .1568E+01 .1527E+00 .8910E+00 .7954E+01 .1759E+01
.6080E+03 .1558E+01 .1508E+00 .8927E+00 .7916E+01 .1745E+01
.6090E+03 .1553E+01 .1493E+00 .8939E+00 .7907E+01 .1737E+01
.6100E+03 .1535E+01 .1465E+00 .8948E+00 .7826E+01 .1715E+01
.6110E+03 .1576E+01 .1494E+00 .8958E+00 .8049E+01 .1759E+01
.6120E+03 .1555E+01 .1463E+00 .8964E+00 .7954E+01 .1735E+01
.6130E+03 .1574E+01 .1471E+00 .8968E+00 .8068E+01 .1756E+01
.6140E+03 .1511E+01 .1402E+00 .8979E+00 .7757E+01 .1683E+01
.6150E+03 .1574E+01 .1451E+00 .8991E+00 .8092E+01 .1751E+01
.6160E+03 .1504E+01 .1377E+00 .9001E+00 .7742E+01 .1670E+01
.6170E+03 .1515E+01 .1378E+00 .9008E+00 .7816E+01 .1682E+01
.6180E+03 .1567E+01 .1414E+00 .9011E+00 .8093E+01 .1738E+01
.6190E+03 .1547E+01 .1386E+00 .9014E+00 .8003E+01 .1716E+01
.6200E+03 .1574E+01 .1399E+00 .9009E+00 .8156E+01 .1747E+01
.6210E+03 .1576E+01 .1388E+00 .8990E+00 .8180E+01 .1753E+01
.6220E+03 .1512E+01 .1315E+00 .8931E+00 .7862E+01 .1693E+01
.6230E+03 .1493E+01 .1282E+00 .8876E+00 .7777E+01 .1682E+01
.6240E+03 .1523E+01 .1302E+00 .8909E+00 .7942E+01 .1709E+01
.6250E+03 .1485E+01 .1265E+00 .8951E+00 .7756E+01 .1658E+01
.6260E+03 .1485E+01 .1257E+00 .8959E+00 .7769E+01 .1657E+01
.6270E+03 .1519E+01 .1274E+00 .8939E+00 .7963E+01 .1700E+01
.6280E+03 .1470E+01 .1186E+00 .8617E+00 .7716E+01 .1706E+01
.6290E+03 .1522E+01 .1245E+00 .8836E+00 .8001E+01 .1722E+01
.6300E+03 .1467E+01 .1192E+00 .8834E+00 .7727E+01 .1661E+01
.6310E+03 .1533E+01 .1250E+00 .8952E+00 .8084E+01 .1712E+01
.6320E+03 .1433E+01 .1164E+00 .8980E+00 .7573E+01 .1596E+01
.6330E+03 .1538E+01 .1246E+00 .9040E+00 .8137E+01 .1701E+01
.6340E+03 .1494E+01 .1207E+00 .9080E+00 .7920E+01 .1646E+01
.6350E+03 .1522E+01 .1222E+00 .9097E+00 .8079E+01 .1673E+01
.6360E+03 .1471E+01 .1175E+00 .9115E+00 .7821E+01 .1614E+01
.6370E+03 .1523E+01 .1209E+00 .9126E+00 .8110E+01 .1669E+01
.6380E+03 .1529E+01 .1208E+00 .9151E+00 .8154E+01 .1671E+01
.6390E+03 .1535E+01 .1206E+00 .9169E+00 .8201E+01 .1674E+01
.6400E+03 .1486E+01 .1161E+00 .9189E+00 .7950E+01 .1617E+01
.6410E+03 .1490E+01 .1157E+00 .9203E+00 .7984E+01 .1619E+01
.6420E+03 .1483E+01 .1145E+00 .9218E+00 .7957E+01 .1609E+01
.6430E+03 .1507E+01 .1156E+00 .9220E+00 .8102E+01 .1635E+01
.6440E+03 .1506E+01 .1148E+00 .9234E+00 .8105E+01 .1631E+01
.6450E+03 .1507E+01 .1140E+00 .9229E+00 .8126E+01 .1633E+01
.6460E+03 .1472E+01 .1102E+00 .9188E+00 .7947E+01 .1602E+01
.6470E+03 .1481E+01 .1093E+00 .9107E+00 .8011E+01 .1626E+01
.6480E+03 .1460E+01 .1066E+00 .9051E+00 .7910E+01 .1613E+01
.6490E+03 .1468E+01 .1065E+00 .9061E+00 .7965E+01 .1620E+01
.6500E+03 .1394E+01 .1016E+00 .9192E+00 .7574E+01 .1517E+01
.6510E+03 .1504E+01 .1091E+00 .9228E+00 .8184E+01 .1630E+01
.6520E+03 .1440E+01 .1024E+00 .9055E+00 .7850E+01 .1590E+01
.6530E+03 .1483E+01 .1062E+00 .9223E+00 .8095E+01 .1608E+01
.6540E+03 .1490E+01 .1061E+00 .9246E+00 .8147E+01 .1612E+01
.6550E+03 .1428E+01 .1003E+00 .9159E+00 .7819E+01 .1559E+01
.6560E+03 .1214E+01 .8510E-01 .9224E+00 .6657E+01 .1316E+01
.6570E+03 .1290E+01 .8984E-01 .9221E+00 .7087E+01 .1399E+01
.6580E+03 .1434E+01 .9942E-01 .9252E+00 .7886E+01 .1550E+01
.6590E+03 .1440E+01 .9925E-01 .9265E+00 .7934E+01 .1554E+01
.6600E+03 .1443E+01 .9852E-01 .9240E+00 .7959E+01 .1561E+01
.6610E+03 .1441E+01 .9720E-01 .9184E+00 .7960E+01 .1569E+01
.6620E+03 .1449E+01 .9647E-01 .9114E+00 .8018E+01 .1590E+01
.6630E+03 .1443E+01 .9582E-01 .9155E+00 .8000E+01 .1577E+01
.6640E+03 .1435E+01 .9537E-01 .9242E+00 .7964E+01 .1552E+01
.6650E+03 .1455E+01 .9658E-01 .9298E+00 .8090E+01 .1565E+01
.6660E+03 .1468E+01 .9712E-01 .9339E+00 .8171E+01 .1571E+01
.6670E+03 .1453E+01 .9576E-01 .9372E+00 .8099E+01 .1550E+01
.6680E+03 .1450E+01 .9515E-01 .9395E+00 .8097E+01 .1544E+01
.6690E+03 .1471E+01 .9596E-01 .9407E+00 .8224E+01 .1563E+01
.6700E+03 .1451E+01 .9412E-01 .9417E+00 .8125E+01 .1540E+01
.6710E+03 .1439E+01 .9283E-01 .9425E+00 .8074E+01 .1527E+01
.6720E+03 .1412E+01 .9048E-01 .9431E+00 .7930E+01 .1497E+01
.6730E+03 .1437E+01 .9156E-01 .9438E+00 .8084E+01 .1523E+01
.6740E+03 .1430E+01 .9056E-01 .9445E+00 .8055E+01 .1514E+01
.6750E+03 .1413E+01 .8897E-01 .9451E+00 .7974E+01 .1495E+01
.6760E+03 .1426E+01 .8925E-01 .9456E+00 .8060E+01 .1508E+01
.6770E+03 .1405E+01 .8738E-01 .9460E+00 .7952E+01 .1485E+01
.6780E+03 .1420E+01 .8777E-01 .9463E+00 .8050E+01 .1501E+01
.6790E+03 .1404E+01 .8624E-01 .9467E+00 .7969E+01 .1483E+01
.6800E+03 .1400E+01 .8548E-01 .9472E+00 .7958E+01 .1478E+01
.6810E+03 .1395E+01 .8467E-01 .9477E+00 .7942E+01 .1472E+01
.6820E+03 .1400E+01 .8445E-01 .9481E+00 .7982E+01 .1477E+01
.6830E+03 .1398E+01 .8382E-01 .9484E+00 .7982E+01 .1474E+01
.6840E+03 .1367E+01 .8142E-01 .9485E+00 .7815E+01 .1441E+01
.6850E+03 .1391E+01 .8238E-01 .9493E+00 .7964E+01 .1465E+01
.6860E+03 .1365E+01 .8030E-01 .9487E+00 .7827E+01 .1439E+01
.6870E+03 .1115E+01 .5354E-01 .7522E+00 .6405E+01 .1483E+01
.6880E+03 .1215E+01 .6276E-01 .8263E+00 .6988E+01 .1471E+01
.6890E+03 .1223E+01 .6295E-01 .8290E+00 .7044E+01 .1475E+01
.6900E+03 .1259E+01 .6607E-01 .8545E+00 .7263E+01 .1474E+01
.6910E+03 .1292E+01 .6925E-01 .8827E+00 .7463E+01 .1464E+01
.6920E+03 .1305E+01 .7101E-01 .9048E+00 .7551E+01 .1443E+01
.6930E+03 .1299E+01 .6990E-01 .8987E+00 .7523E+01 .1445E+01
.6940E+03 .1297E+01 .6911E-01 .8902E+00 .7525E+01 .1457E+01
.6950E+03 .1301E+01 .7020E-01 .9113E+00 .7560E+01 .1428E+01
.6960E+03 .1305E+01 .6974E-01 .9056E+00 .7591E+01 .1441E+01
.6970E+03 .1358E+01 .7421E-01 .9439E+00 .7910E+01 .1438E+01
.6980E+03 .1332E+01 .7232E-01 .9430E+00 .7772E+01 .1412E+01
.6990E+03 .1327E+01 .7038E-01 .9216E+00 .7752E+01 .1439E+01
.7000E+03 .1290E+01 .6803E-01 .9225E+00 .7549E+01 .1398E+01
.7010E+03 .1258E+01 .6567E-01 .9190E+00 .7373E+01 .1369E+01
.7020E+03 .1271E+01 .6635E-01 .9258E+00 .7460E+01 .1373E+01
.7030E+03 .1271E+01 .6591E-01 .9239E+00 .7471E+01 .1376E+01
.7040E+03 .1299E+01 .6770E-01 .9364E+00 .7647E+01 .1388E+01
.7050E+03 .1317E+01 .6811E-01 .9364E+00 .7760E+01 .1406E+01
.7060E+03 .1315E+01 .6786E-01 .9418E+00 .7758E+01 .1396E+01
.7070E+03 .1314E+01 .6749E-01 .9435E+00 .7763E+01 .1392E+01
.7080E+03 .1331E+01 .6799E-01 .9439E+00 .7880E+01 .1410E+01
.7090E+03 .1305E+01 .6660E-01 .9501E+00 .7734E+01 .1373E+01
.7100E+03 .1323E+01 .6697E-01 .9477E+00 .7853E+01 .1396E+01
.7110E+03 .1319E+01 .6649E-01 .9496E+00 .7841E+01 .1389E+01
.7120E+03 .1308E+01 .6570E-01 .9523E+00 .7787E+01 .1374E+01
.7130E+03 .1307E+01 .6509E-01 .9502E+00 .7787E+01 .1375E+01
.7140E+03 .1318E+01 .6528E-01 .9502E+00 .7866E+01 .1387E+01
.7150E+03 .1278E+01 .6256E-01 .9430E+00 .7638E+01 .1355E+01
.7160E+03 .1292E+01 .6275E-01 .9403E+00 .7733E+01 .1374E+01
.7170E+03 .1100E+01 .4958E-01 .8557E+00 .6596E+01 .1286E+01
.7180E+03 .1008E+01 .4385E-01 .8107E+00 .6048E+01 .1243E+01
.7190E+03 .9059E+00 .3819E-01 .7644E+00 .5445E+01 .1185E+01
.7200E+03 .9466E+00 .4000E-01 .7876E+00 .5697E+01 .1202E+01
.7210E+03 .1060E+01 .4672E-01 .8446E+00 .6387E+01 .1255E+01
.7220E+03 .1233E+01 .5725E-01 .9290E+00 .7443E+01 .1328E+01
.7230E+03 .1132E+01 .5050E-01 .8775E+00 .6843E+01 .1290E+01
.7240E+03 .1016E+01 .4330E-01 .8197E+00 .6152E+01 .1240E+01
.7250E+03 .1018E+01 .4284E-01 .8196E+00 .6168E+01 .1242E+01
.7260E+03 .1078E+01 .4591E-01 .8507E+00 .6542E+01 .1267E+01
.7270E+03 .1074E+01 .4575E-01 .8463E+00 .6528E+01 .1269E+01
.7280E+03 .1026E+01 .4255E-01 .8276E+00 .6245E+01 .1240E+01
.7290E+03 .1045E+01 .4421E-01 .8563E+00 .6367E+01 .1220E+01
.7300E+03 .1132E+01 .4819E-01 .8815E+00 .6907E+01 .1284E+01
.7310E+03 .1068E+01 .4455E-01 .8577E+00 .6526E+01 .1245E+01
.7320E+03 .1155E+01 .4929E-01 .8944E+00 .7070E+01 .1292E+01
.7330E+03 .1203E+01 .5238E-01 .9294E+00 .7370E+01 .1294E+01
.7340E+03 .1239E+01 .5398E-01 .9365E+00 .7605E+01 .1324E+01
.7350E+03 .1216E+01 .5250E-01 .9331E+00 .7472E+01 .1303E+01
.7360E+03 .1209E+01 .5197E-01 .9357E+00 .7441E+01 .1293E+01
.7370E+03 .1217E+01 .5193E-01 .9332E+00 .7498E+01 .1304E+01
.7380E+03 .1244E+01 .5356E-01 .9513E+00 .7675E+01 .1308E+01
.7390E+03 .1201E+01 .5136E-01 .9492E+00 .7419E+01 .1265E+01
.7400E+03 .1230E+01 .5258E-01 .9556E+00 .7610E+01 .1287E+01
.7410E+03 .1224E+01 .5215E-01 .9595E+00 .7580E+01 .1275E+01
.7420E+03 .1222E+01 .5194E-01 .9627E+00 .7581E+01 .1270E+01
.7430E+03 .1247E+01 .5273E-01 .9638E+00 .7744E+01 .1294E+01
.7440E+03 .1256E+01 .5290E-01 .9657E+00 .7810E+01 .1300E+01
.7450E+03 .1240E+01 .5201E-01 .9672E+00 .7723E+01 .1282E+01
.7460E+03 .1249E+01 .5208E-01 .9672E+00 .7788E+01 .1291E+01
.7470E+03 .1263E+01 .5239E-01 .9677E+00 .7885E+01 .1305E+01
.7480E+03 .1248E+01 .5149E-01 .9679E+00 .7803E+01 .1289E+01
.7490E+03 .1250E+01 .5128E-01 .9681E+00 .7824E+01 .1291E+01
.7500E+03 .1231E+01 .5023E-01 .9683E+00 .7717E+01 .1271E+01
.7510E+03 .1218E+01 .4945E-01 .9684E+00 .7649E+01 .1258E+01
.7520E+03 .1245E+01 .5026E-01 .9687E+00 .7828E+01 .1285E+01
.7530E+03 .1221E+01 .4902E-01 .9690E+00 .7687E+01 .1260E+01
.7540E+03 .1246E+01 .4972E-01 .9690E+00 .7851E+01 .1285E+01
.7550E+03 .1235E+01 .4902E-01 .9690E+00 .7794E+01 .1274E+01
.7560E+03 .1222E+01 .4825E-01 .9693E+00 .7723E+01 .1261E+01
.7570E+03 .1227E+01 .4817E-01 .9693E+00 .7765E+01 .1266E+01
.7580E+03 .1227E+01 .4789E-01 .9691E+00 .7775E+01 .1266E+01
.7590E+03 .1190E+01 .4583E-01 .9599E+00 .7552E+01 .1240E+01
.7600E+03 .4426E+00 .7406E-02 .3546E+00 .2812E+01 .1248E+01
.7610E+03 .3087E+00 .3827E-02 .2478E+00 .1963E+01 .1245E+01
.7620E+03 .8117E+00 .2274E-01 .6695E+00 .5170E+01 .1212E+01
.7630E+03 .5621E+00 .1126E-01 .4499E+00 .3585E+01 .1249E+01
.7640E+03 .7088E+00 .1710E-01 .5667E+00 .4527E+01 .1251E+01
.7650E+03 .8357E+00 .2301E-01 .6688E+00 .5344E+01 .1250E+01
.7660E+03 .9046E+00 .2779E-01 .7674E+00 .5792E+01 .1179E+01
.7670E+03 .1019E+01 .3415E-01 .8574E+00 .6533E+01 .1188E+01
.7680E+03 .1138E+01 .4049E-01 .9266E+00 .7306E+01 .1228E+01
.7690E+03 .1150E+01 .4128E-01 .9426E+00 .7392E+01 .1220E+01
.7700E+03 .1162E+01 .4215E-01 .9604E+00 .7481E+01 .1210E+01
.7710E+03 .1172E+01 .4257E-01 .9684E+00 .7554E+01 .1210E+01
.7720E+03 .1169E+01 .4234E-01 .9709E+00 .7546E+01 .1204E+01
.7730E+03 .1166E+01 .4202E-01 .9717E+00 .7535E+01 .1200E+01
.7740E+03 .1182E+01 .4239E-01 .9723E+00 .7647E+01 .1216E+01
.7750E+03 .1132E+01 .4040E-01 .9728E+00 .7334E+01 .1164E+01
.7760E+03 .1182E+01 .4197E-01 .9731E+00 .7666E+01 .1215E+01
.7770E+03 .1175E+01 .4151E-01 .9732E+00 .7631E+01 .1207E+01
.7780E+03 .1167E+01 .4102E-01 .9732E+00 .7593E+01 .1200E+01
.7790E+03 .1181E+01 .4127E-01 .9733E+00 .7688E+01 .1213E+01
.7800E+03 .1167E+01 .4059E-01 .9736E+00 .7611E+01 .1199E+01
.7810E+03 .1167E+01 .4038E-01 .9737E+00 .7621E+01 .1199E+01
.7820E+03 .1182E+01 .4069E-01 .9740E+00 .7730E+01 .1214E+01
.7830E+03 .1163E+01 .3982E-01 .9742E+00 .7613E+01 .1194E+01
.7840E+03 .1162E+01 .3957E-01 .9746E+00 .7614E+01 .1192E+01
.7850E+03 .1164E+01 .3939E-01 .9739E+00 .7636E+01 .1195E+01
.7860E+03 .1166E+01 .3923E-01 .9734E+00 .7659E+01 .1197E+01
.7870E+03 .1150E+01 .3829E-01 .9667E+00 .7565E+01 .1189E+01
.7880E+03 .1133E+01 .3742E-01 .9627E+00 .7465E+01 .1177E+01
.7890E+03 .1133E+01 .3708E-01 .9584E+00 .7470E+01 .1182E+01
.7900E+03 .1097E+01 .3532E-01 .9440E+00 .7245E+01 .1162E+01
.7910E+03 .1118E+01 .3616E-01 .9565E+00 .7390E+01 .1168E+01
.7920E+03 .1100E+01 .3546E-01 .9576E+00 .7285E+01 .1149E+01
.7930E+03 .1084E+01 .3471E-01 .9559E+00 .7187E+01 .1134E+01
.7940E+03 .1112E+01 .3586E-01 .9733E+00 .7380E+01 .1142E+01
.7950E+03 .1098E+01 .3512E-01 .9697E+00 .7296E+01 .1132E+01
.7960E+03 .1090E+01 .3416E-01 .9499E+00 .7250E+01 .1147E+01
.7970E+03 .1094E+01 .3416E-01 .9518E+00 .7287E+01 .1149E+01
.7980E+03 .1125E+01 .3538E-01 .9684E+00 .7502E+01 .1161E+01
.7990E+03 .1114E+01 .3474E-01 .9639E+00 .7439E+01 .1156E+01
.8000E+03 .1082E+01 .3346E-01 .9589E+00 .7239E+01 .1129E+01
